file            epsilon minPnts entropy     skew    time taken  numClusters
MANHATTAN DIST-----------------------------------------------------
freq_dat_5000   4       4       44.81       3.85    1.5        29
freq_dat_5000   4       6       39.15       3.68    1.5        26
freq_dat_5000   6       4       53.90       4.36    1.5        37
freq_dat_5000   6       6       40.42       3.55    1.5        26
freq_dat_5000   6       8       30.40       3.08    1.5        20
freq_dat_5000   8       6       51.41       4.35    1.5        35
freq_dat_5000   8       8       38.43       3.54    1.5        26
freq_dat_5000   8       10      31.08       2.92    1.5        22
freq_dat_5000   10      8       44.48       2.00    1.5        25 
freq_dat_5000   10      10      36.72       1.81    1.5        21
freq_dat_5000   20      10      66.92       3.13    1.5        28
freq_dat_5000   10      20      25.42       1.34    1.5        14
freq_dat_5000   20      20      36.93       1.73    1.5        14
freq_dat_5000   20      40      34.99       1.63    1.5        13
freq_dat_5000   40      20      23.38       1.21    1.5        5
freq_dat_5000   40      40      18.69       0.89    1.5        4
freq_dat_5000   60      60      9.55        0.00    1.5        2
freq_dat_5000   40      60      18.69       0.88    1.5        4
freq_dat_5000   60      40      9.55        0.00    1.5        2
freq_dat_5000   2       2       79.48       5.70    1.5        67
freq_dat_5000   2       4       47.96       3.94    1.5        33
freq_dat_5000   4       2       86.17       6.03    1.5        67
freq_dat_5000   25      25      33.47       2.56    1.5        11
freq_dat_5000   30      30      20.96       1.32    1.5        5

freq_dat_10000  4       4       86.44       6.51    5.75       56
freq_dat_10000  60      60      15.06       1.03    6.5        3
freq_dat_10000  60      40      17.81       1.50    6.75       4

freq_dat_15000  4       4       144.00      6.28    13         106

freq_dat_21578  4       4       171.27      9.63    27.5       139
freq_dat_21578  60      40      38.14       2.74    30         9
freq_dat_21578  10      10      220.05      5.422   27         112 

EUCLIDIAN DISTANCE-------------
freq_dat_5000,   4,     4,      53.48,       5.61,    2,        37
freq_dat_5000,   4,     6,      41.50,       4.82,    2,        28
freq_dat_5000,   6,     4,      112.79,      5.24,    2,        63    
freq_dat_5000,   6,     6,      77.97,       3.99,    2,        39   
freq_dat_5000,   6,     8,      59.26,       3.32,    2,        28 
freq_dat_5000,   8,     6,      89.46,       3.11,    2,        32 
freq_dat_5000,   8,     8,      82.89,       2.94,    2,        29 
freq_dat_5000,   8,     10,     73.24,       2.64,    2,        25 
freq_dat_5000,   10,    8,      41.07,       1.96,    2,        10  
freq_dat_5000,   10,    10,     41.10,       1.96,    2,        10 
freq_dat_5000,   20,    10,     14.18,       1.05,    2,        3
freq_dat_5000,   10,    20,     25.86,       1.15,    2,        6 
freq_dat_5000,   20,    20,     14.18,       1.05,    2,        3 
freq_dat_5000,   20,    40,     14.18,       1.05,    2,        3 
freq_dat_5000,   40,    20,     9.21,        0.0,     2,        2 
freq_dat_5000,   40,    40,     9.21,        0.0,     2,        2 
freq_dat_5000,   60,    60,     4.57,        0.0,     2,        2 
freq_dat_5000,   40,    60,     9.21,        0.0,     2,        2 
freq_dat_5000,   60,    40,     4.57,        0.0,     2,        2 
freq_dat_5000,   2,     2,      82.24,       6.43,    2,        67
freq_dat_5000,   2,     4,      52.92,       4.82,    2,        37 
freq_dat_5000,   4,     2,      105.77,      8.80,    2,        90
freq_dat_5000,   25,    25,     16.05,       0.94     2,        4 
freq_dat_5000,   30,    30,     9.99,        0.0,     2,        2 

freq_dat_10000,  4,     4,      120.72,      8.68,    9.33,     83 
freq_dat_10000,  60,    60,     4.57,        0.0,     10.66,    2 
freq_dat_10000,  60,    40,     4.57,        0.0,     10.25,    2

