%Trained  num of docs  truePos  trueNeg  falPos  falNeg  Acc   timeTrain  avgTimeClassify

scalability measures
90        250          2        2003     23      72      95.5  10         1.24
90        500          36       6252     14      48      99.0  53         5.87
90        600          19       7715     41      25      71.2  71         7.46
90        700          20       9067     50      33      99.0  95         8.93
90        1000         28       14548    72      152     98.4  199        15.88
90        2000         90       34673    110     327     98.7  757        44.79


Percent Documents Trained vs Accuracy
35        500          143      40418    182     532     98.2  21         3.79
40        500          127      37306    173     494     98.2  23         3.87
45        500          113      34187    162     463     98.2  26         4.34
50        500          111      31109    139     391     98.3  29         5.08
55        500          105      28004    120     346     98.3  31         5.16
60        500          101      24891    99      309     98.3  35         5.23
65        500          99       21811    76      239     98.5  37         5.65
70        500          93       18721    57      179     98.7  41         5.35
75        500          77       15598    48      152     98.7  43         5.20
80        500          63       12478    37      122     98.7  47         5.36
85        500          48       9364     27      86      98.8  51         5.33
90        500          36       6252     14      48      99.0  53         5.87
95        500          20       3130     5       20      99.2  56         5.47
